1.032582999999999984e+01
1.032582999999999984e+01
1.032582999999999984e+01
1.032582999999999984e+01
2.008287999999999940e+01
2.008287999999999940e+01
2.008287999999999940e+01
2.008287999999999940e+01
2.008287999999999940e+01
2.008287999999999940e+01
2.008287999999999940e+01
2.008287999999999940e+01
2.008287999999999940e+01
2.008287999999999940e+01
5.214800000000000546e-01
5.214800000000000546e-01
5.214800000000000546e-01
4.177602999999999867e+01
4.177602999999999867e+01
4.177602999999999867e+01
4.177602999999999867e+01
4.177602999999999867e+01
4.177602999999999867e+01
3.602279999999999927e+00
3.602279999999999927e+00
3.602279999999999927e+00
1.192970000000000086e+00
1.192970000000000086e+00
1.192970000000000086e+00
1.192970000000000086e+00
1.192970000000000086e+00
1.192970000000000086e+00
2.186287000000000091e+01
2.186287000000000091e+01
2.186287000000000091e+01
2.186287000000000091e+01
5.483019999999999783e+00
5.483019999999999783e+00
5.483019999999999783e+00
5.483019999999999783e+00
5.483019999999999783e+00
5.483019999999999783e+00
5.483019999999999783e+00
5.483019999999999783e+00
5.483019999999999783e+00
5.483019999999999783e+00
4.195177999999999940e+01
4.195177999999999940e+01
4.195177999999999940e+01
4.195177999999999940e+01
4.195177999999999940e+01
4.195177999999999940e+01
4.195177999999999940e+01
4.195177999999999940e+01
4.195177999999999940e+01
2.958894000000000091e+01
2.958894000000000091e+01
2.958894000000000091e+01
2.958894000000000091e+01
2.958894000000000091e+01
2.958894000000000091e+01
2.958894000000000091e+01
1.151289999999999925e+00
1.151289999999999925e+00
3.511890000000000178e+00
3.511890000000000178e+00
3.511890000000000178e+00
3.511890000000000178e+00
8.914540000000000575e+00
8.914540000000000575e+00
8.914540000000000575e+00
8.914540000000000575e+00
8.914540000000000575e+00
8.914540000000000575e+00
8.914540000000000575e+00
8.914540000000000575e+00
8.914540000000000575e+00
8.914540000000000575e+00
8.914540000000000575e+00
3.258300000000000085e-01
3.258300000000000085e-01
3.258300000000000085e-01
3.258300000000000085e-01
3.258300000000000085e-01
3.258300000000000085e-01
3.258300000000000085e-01
3.258300000000000085e-01
3.258300000000000085e-01
3.258300000000000085e-01
3.258300000000000085e-01
3.258300000000000085e-01
2.958549999999999791e+00
2.958549999999999791e+00
2.958549999999999791e+00
2.958549999999999791e+00
2.958549999999999791e+00
2.958549999999999791e+00
2.958549999999999791e+00
2.958549999999999791e+00
2.958549999999999791e+00
2.958549999999999791e+00
2.958549999999999791e+00
2.958549999999999791e+00
2.958549999999999791e+00
1.868811000000000178e+01
1.868811000000000178e+01
1.868811000000000178e+01
1.868811000000000178e+01
5.547539999999999694e+00
5.547539999999999694e+00
5.547539999999999694e+00
5.547539999999999694e+00
5.547539999999999694e+00
5.547539999999999694e+00
5.547539999999999694e+00
5.547539999999999694e+00
5.547539999999999694e+00
5.547539999999999694e+00
5.547539999999999694e+00
5.547539999999999694e+00
1.960010000000000030e+00
1.960010000000000030e+00
1.960010000000000030e+00
1.960010000000000030e+00
1.960010000000000030e+00
1.960010000000000030e+00
1.960010000000000030e+00
1.960010000000000030e+00
3.534107000000000198e+01
6.313030000000000364e+00
6.313030000000000364e+00
6.313030000000000364e+00
6.313030000000000364e+00
6.313030000000000364e+00
6.313030000000000364e+00
6.313030000000000364e+00
6.313030000000000364e+00
6.313030000000000364e+00
6.313030000000000364e+00
6.313030000000000364e+00
4.585699999999999776e-01
4.992148999999999859e+01
4.992148999999999859e+01
4.992148999999999859e+01
4.992148999999999859e+01
4.992148999999999859e+01
4.992148999999999859e+01
4.992148999999999859e+01
8.086499999999999799e-01
8.086499999999999799e-01
8.086499999999999799e-01
8.086499999999999799e-01
8.086499999999999799e-01
8.086499999999999799e-01
8.086499999999999799e-01
3.543699999999999850e+00
3.543699999999999850e+00
3.543699999999999850e+00
3.543699999999999850e+00
3.543699999999999850e+00
3.543699999999999850e+00
3.523200000000000220e-01
3.523200000000000220e-01
3.523200000000000220e-01
3.523200000000000220e-01
3.523200000000000220e-01
3.523200000000000220e-01
3.523200000000000220e-01
3.523200000000000220e-01
3.523200000000000220e-01
3.523200000000000220e-01
3.523200000000000220e-01
3.523200000000000220e-01
3.523200000000000220e-01
3.523200000000000220e-01
6.386989999999999945e+00
6.386989999999999945e+00
6.386989999999999945e+00
6.386989999999999945e+00
6.386989999999999945e+00
6.386989999999999945e+00
6.386989999999999945e+00
6.386989999999999945e+00
6.386989999999999945e+00
6.386989999999999945e+00
3.004879999999999995e+00
3.004879999999999995e+00
3.004879999999999995e+00
3.004879999999999995e+00
3.004879999999999995e+00
3.004879999999999995e+00
3.004879999999999995e+00
3.004879999999999995e+00
3.004879999999999995e+00
3.004879999999999995e+00
3.004879999999999995e+00
3.004879999999999995e+00
3.004879999999999995e+00
3.901139999999999830e+00
3.901139999999999830e+00
3.901139999999999830e+00
3.901139999999999830e+00
3.901139999999999830e+00
3.901139999999999830e+00
3.901139999999999830e+00
3.901139999999999830e+00
3.901139999999999830e+00
3.901139999999999830e+00
3.901139999999999830e+00
3.901139999999999830e+00
3.596099999999999852e+00
3.596099999999999852e+00
3.596099999999999852e+00
3.596099999999999852e+00
3.596099999999999852e+00
3.596099999999999852e+00
3.596099999999999852e+00
3.124880000000000102e+00
3.124880000000000102e+00
3.124880000000000102e+00
3.124880000000000102e+00
3.124880000000000102e+00
3.124880000000000102e+00
3.124880000000000102e+00
3.124880000000000102e+00
3.124880000000000102e+00
2.521207000000000065e+01
2.521207000000000065e+01
1.227740000000000054e+00
1.227740000000000054e+00
1.227740000000000054e+00
1.227740000000000054e+00
2.883930000000000149e+01
2.883930000000000149e+01
2.883930000000000149e+01
2.883930000000000149e+01
2.883930000000000149e+01
2.883930000000000149e+01
2.883930000000000149e+01
2.883930000000000149e+01
2.883930000000000149e+01
2.697974999999999923e+01
2.697974999999999923e+01
2.697974999999999923e+01
2.697974999999999923e+01
2.697974999999999923e+01
2.697974999999999923e+01
2.697974999999999923e+01
2.697974999999999923e+01
2.697974999999999923e+01
2.697974999999999923e+01
2.697974999999999923e+01
2.697974999999999923e+01
2.697974999999999923e+01
2.697974999999999923e+01
2.386709999999999887e+00
2.386709999999999887e+00
2.386709999999999887e+00
2.386709999999999887e+00
2.386709999999999887e+00
2.386709999999999887e+00
2.386709999999999887e+00
2.386709999999999887e+00
2.386709999999999887e+00
2.386709999999999887e+00
2.386709999999999887e+00
2.386709999999999887e+00
2.386709999999999887e+00
1.172943000000000069e+01
1.172943000000000069e+01
1.172943000000000069e+01
1.172943000000000069e+01
1.172943000000000069e+01
1.172943000000000069e+01
1.172943000000000069e+01
1.172943000000000069e+01
1.172943000000000069e+01
9.081659999999999400e+00
9.081659999999999400e+00
9.081659999999999400e+00
9.081659999999999400e+00
9.081659999999999400e+00
1.093160999999999916e+01
1.093160999999999916e+01
1.093160999999999916e+01
3.771128000000000213e+01
3.771128000000000213e+01
3.771128000000000213e+01
3.771128000000000213e+01
1.914367999999999981e+01
3.920259999999999856e+00
3.920259999999999856e+00
3.920259999999999856e+00
3.920259999999999856e+00
3.920259999999999856e+00
3.920259999999999856e+00
3.920259999999999856e+00
3.920259999999999856e+00
3.920259999999999856e+00
3.920259999999999856e+00
3.920259999999999856e+00
3.920259999999999856e+00
3.920259999999999856e+00
3.920259999999999856e+00
5.462900000000000533e-01
5.462900000000000533e-01
5.462900000000000533e-01
5.462900000000000533e-01
5.462900000000000533e-01
5.462900000000000533e-01
5.462900000000000533e-01
5.462900000000000533e-01
5.870730000000000004e+00
5.870730000000000004e+00
5.870730000000000004e+00
1.586292000000000080e+01
6.164800000000000280e-01
2.745243999999999929e+01
2.745243999999999929e+01
2.745243999999999929e+01
2.745243999999999929e+01
2.745243999999999929e+01
4.171000000000000263e-01
4.171000000000000263e-01
4.171000000000000263e-01
4.171000000000000263e-01
4.171000000000000263e-01
4.171000000000000263e-01
4.171000000000000263e-01
8.660299999999999665e-01
8.660299999999999665e-01
8.660299999999999665e-01
8.660299999999999665e-01
8.660299999999999665e-01
8.660299999999999665e-01
8.660299999999999665e-01
8.660299999999999665e-01
8.660299999999999665e-01
8.660299999999999665e-01
8.660299999999999665e-01
8.660299999999999665e-01
6.068599999999999550e-01
6.068599999999999550e-01
6.068599999999999550e-01
6.068599999999999550e-01
6.068599999999999550e-01
6.068599999999999550e-01
6.068599999999999550e-01
6.068599999999999550e-01
6.068599999999999550e-01
6.068599999999999550e-01
6.068599999999999550e-01
6.068599999999999550e-01
6.068599999999999550e-01
6.068599999999999550e-01
3.372129999999999850e+00
3.372129999999999850e+00
3.372129999999999850e+00
2.528958000000000084e+01
2.528958000000000084e+01
2.528958000000000084e+01
2.528958000000000084e+01
2.528958000000000084e+01
2.528958000000000084e+01
2.528958000000000084e+01
2.528958000000000084e+01
2.528958000000000084e+01
2.528958000000000084e+01
3.446379999999999999e+00
3.446379999999999999e+00
3.446379999999999999e+00
3.446379999999999999e+00
3.446379999999999999e+00
3.446379999999999999e+00
3.446379999999999999e+00
2.415519999999999889e+00
2.415519999999999889e+00
2.415519999999999889e+00
2.415519999999999889e+00
2.415519999999999889e+00
2.415519999999999889e+00
3.992780000000000218e+00
3.992780000000000218e+00
3.992780000000000218e+00
3.992780000000000218e+00
3.992780000000000218e+00
3.992780000000000218e+00
3.992780000000000218e+00
3.992780000000000218e+00
3.992780000000000218e+00
3.992780000000000218e+00
3.992780000000000218e+00
3.992780000000000218e+00
3.992780000000000218e+00
3.196899999999999742e-01
3.196899999999999742e-01
3.196899999999999742e-01
3.196899999999999742e-01
3.196899999999999742e-01
3.196899999999999742e-01
3.196899999999999742e-01
3.196899999999999742e-01
3.196899999999999742e-01
1.547320000000000029e+00
5.625200000000000422e+00
5.625200000000000422e+00
5.625200000000000422e+00
5.625200000000000422e+00
5.625200000000000422e+00
5.625200000000000422e+00
5.625200000000000422e+00
5.625200000000000422e+00
2.946451000000000064e+01
2.946451000000000064e+01
2.946451000000000064e+01
2.946451000000000064e+01
2.946451000000000064e+01
2.946451000000000064e+01
4.092909999999999826e+00
4.092909999999999826e+00
4.092909999999999826e+00
4.092909999999999826e+00
4.092909999999999826e+00
4.092909999999999826e+00
4.092909999999999826e+00
4.092909999999999826e+00
4.092909999999999826e+00
4.092909999999999826e+00
4.092909999999999826e+00
4.046399999999999997e-01
4.046399999999999997e-01
4.046399999999999997e-01
4.046399999999999997e-01
4.046399999999999997e-01
4.046399999999999997e-01
4.046399999999999997e-01
4.046399999999999997e-01
4.046399999999999997e-01
6.559650000000000425e+00
6.559650000000000425e+00
6.559650000000000425e+00
6.559650000000000425e+00
6.559650000000000425e+00
6.559650000000000425e+00
6.559650000000000425e+00
6.559650000000000425e+00
6.559650000000000425e+00
6.559650000000000425e+00
6.559650000000000425e+00
6.559650000000000425e+00
6.559650000000000425e+00
6.559650000000000425e+00
2.070160000000000000e+00
2.070160000000000000e+00
2.070160000000000000e+00
2.070160000000000000e+00
2.070160000000000000e+00
2.070160000000000000e+00
2.070160000000000000e+00
2.070160000000000000e+00
2.070160000000000000e+00
2.282830000000000137e+00
2.282830000000000137e+00
2.282830000000000137e+00
2.282830000000000137e+00
2.282830000000000137e+00
2.282830000000000137e+00
2.282830000000000137e+00
2.282830000000000137e+00
2.282830000000000137e+00
2.282830000000000137e+00
2.206480000000000175e+01
2.206480000000000175e+01
2.206480000000000175e+01
2.206480000000000175e+01
2.206480000000000175e+01
2.206480000000000175e+01
2.206480000000000175e+01
2.206480000000000175e+01
2.206480000000000175e+01
2.206480000000000175e+01
2.206480000000000175e+01
2.206480000000000175e+01
4.929840000000000444e+00
4.929840000000000444e+00
4.929840000000000444e+00
4.929840000000000444e+00
4.929840000000000444e+00
4.929840000000000444e+00
4.929840000000000444e+00
4.699963000000000335e+01
4.699963000000000335e+01
4.699963000000000335e+01
4.699963000000000335e+01
4.699963000000000335e+01
4.699963000000000335e+01
4.699963000000000335e+01
4.699963000000000335e+01
3.506389000000000067e+01
3.506389000000000067e+01
3.506389000000000067e+01
3.506389000000000067e+01
3.506389000000000067e+01
6.457029999999999603e+00
6.457029999999999603e+00
6.457029999999999603e+00
6.457029999999999603e+00
6.457029999999999603e+00
6.457029999999999603e+00
6.457029999999999603e+00
6.457029999999999603e+00
5.049439999999999706e+00
5.049439999999999706e+00
7.615079999999999849e+00
7.615079999999999849e+00
7.615079999999999849e+00
7.615079999999999849e+00
7.615079999999999849e+00
7.615079999999999849e+00
7.615079999999999849e+00
7.615079999999999849e+00
1.364560999999999957e+01
1.364560999999999957e+01
1.364560999999999957e+01
1.364560999999999957e+01
1.364560999999999957e+01
4.706099999999999728e-01
4.706099999999999728e-01
9.123939999999999273e+00
9.123939999999999273e+00
9.123939999999999273e+00
9.123939999999999273e+00
9.123939999999999273e+00
9.123939999999999273e+00
9.123939999999999273e+00
9.123939999999999273e+00
9.123939999999999273e+00
9.123939999999999273e+00
9.123939999999999273e+00
9.123939999999999273e+00
2.064020000000000188e+00
2.064020000000000188e+00
2.064020000000000188e+00
2.064020000000000188e+00
2.064020000000000188e+00
2.064020000000000188e+00
2.064020000000000188e+00
2.064020000000000188e+00
2.064020000000000188e+00
2.064020000000000188e+00
2.064020000000000188e+00
1.825470999999999933e+01
1.825470999999999933e+01
1.825470999999999933e+01
1.825470999999999933e+01
1.825470999999999933e+01
1.825470999999999933e+01
1.923104999999999976e+01
1.923104999999999976e+01
4.209541999999999717e+01
4.209541999999999717e+01
4.209541999999999717e+01
4.209541999999999717e+01
4.209541999999999717e+01
4.209541999999999717e+01
4.209541999999999717e+01
4.209541999999999717e+01
4.209541999999999717e+01
4.209541999999999717e+01
4.209541999999999717e+01
4.209541999999999717e+01
4.209541999999999717e+01
4.209541999999999717e+01
3.314400000000000124e-01
3.314400000000000124e-01
3.314400000000000124e-01
3.314400000000000124e-01
3.314400000000000124e-01
3.314400000000000124e-01
3.314400000000000124e-01
3.314400000000000124e-01
4.745059999999999611e+00
4.745059999999999611e+00
4.745059999999999611e+00
4.745059999999999611e+00
4.745059999999999611e+00
2.788317999999999941e+01
2.788317999999999941e+01
2.788317999999999941e+01
2.788317999999999941e+01
2.788317999999999941e+01
2.788317999999999941e+01
2.788317999999999941e+01
2.788317999999999941e+01
2.788317999999999941e+01
2.788317999999999941e+01
2.788317999999999941e+01
1.836231000000000080e+01
1.836231000000000080e+01
1.836231000000000080e+01
1.836231000000000080e+01
1.836231000000000080e+01
1.836231000000000080e+01
1.836231000000000080e+01
1.836231000000000080e+01
1.836231000000000080e+01
1.836231000000000080e+01
1.836231000000000080e+01
6.105500000000000371e-01
6.105500000000000371e-01
6.105500000000000371e-01
6.105500000000000371e-01
6.105500000000000371e-01
6.105500000000000371e-01
6.105500000000000371e-01
6.105500000000000371e-01
6.105500000000000371e-01
6.105500000000000371e-01
6.105500000000000371e-01
6.105500000000000371e-01
6.105500000000000371e-01
4.420799999999999730e-01
4.420799999999999730e-01
1.803721000000000174e+01
1.803721000000000174e+01
1.803721000000000174e+01
1.537861999999999973e+01
1.537861999999999973e+01
1.537861999999999973e+01
1.537861999999999973e+01
1.537861999999999973e+01
1.537861999999999973e+01
1.537861999999999973e+01
1.537861999999999973e+01
1.537861999999999973e+01
1.537861999999999973e+01
1.537861999999999973e+01
1.537861999999999973e+01
1.537861999999999973e+01
1.537861999999999973e+01
1.537861999999999973e+01
4.607742999999999967e+01
4.607742999999999967e+01
4.607742999999999967e+01
3.575400000000000245e-01
3.575400000000000245e-01
3.575400000000000245e-01
3.575400000000000245e-01
3.575400000000000245e-01
3.575400000000000245e-01
3.575400000000000245e-01
3.575400000000000245e-01
3.575400000000000245e-01
3.575400000000000245e-01
3.575400000000000245e-01
3.575400000000000245e-01
3.575400000000000245e-01
9.087899999999999867e-01
9.087899999999999867e-01
9.087899999999999867e-01
9.087899999999999867e-01
9.087899999999999867e-01
9.087899999999999867e-01
9.087899999999999867e-01
9.087899999999999867e-01
9.087899999999999867e-01
9.087899999999999867e-01
3.324699999999999878e-01
3.324699999999999878e-01
3.324699999999999878e-01
3.324699999999999878e-01
3.324699999999999878e-01
3.324699999999999878e-01
3.324699999999999878e-01
3.324699999999999878e-01
3.324699999999999878e-01
3.324699999999999878e-01
6.167250000000000121e+00
6.167250000000000121e+00
6.167250000000000121e+00
6.167250000000000121e+00
6.167250000000000121e+00
6.167250000000000121e+00
6.167250000000000121e+00
6.167250000000000121e+00
6.167250000000000121e+00
6.167250000000000121e+00
6.167250000000000121e+00
6.167250000000000121e+00
9.723589999999999733e+00
9.723589999999999733e+00
9.723589999999999733e+00
9.723589999999999733e+00
9.723589999999999733e+00
9.723589999999999733e+00
9.723589999999999733e+00
9.723589999999999733e+00
9.723589999999999733e+00
9.723589999999999733e+00
9.723589999999999733e+00
3.372200000000000197e-01
3.372200000000000197e-01
3.372200000000000197e-01
3.372200000000000197e-01
3.372200000000000197e-01
2.554819999999999869e+00
2.554819999999999869e+00
2.554819999999999869e+00
2.554819999999999869e+00
5.711500000000000465e-01
5.711500000000000465e-01
5.711500000000000465e-01
5.711500000000000465e-01
5.711500000000000465e-01
5.711500000000000465e-01
1.837069999999999981e+00
1.837069999999999981e+00
2.207192999999999827e+01
2.207192999999999827e+01
2.207192999999999827e+01
2.207192999999999827e+01
2.207192999999999827e+01
3.091229999999999922e+00
3.091229999999999922e+00
3.091229999999999922e+00
3.091229999999999922e+00
3.091229999999999922e+00
3.091229999999999922e+00
3.091229999999999922e+00
3.091229999999999922e+00
3.091229999999999922e+00
3.091229999999999922e+00
3.091229999999999922e+00
3.091229999999999922e+00
3.091229999999999922e+00
1.301957999999999949e+01
1.301957999999999949e+01
1.301957999999999949e+01
1.301957999999999949e+01
1.301957999999999949e+01
1.301957999999999949e+01
1.301957999999999949e+01
1.301957999999999949e+01
1.301957999999999949e+01
1.301957999999999949e+01
1.301957999999999949e+01
1.301957999999999949e+01
1.301957999999999949e+01
1.301957999999999949e+01
3.182399999999999896e+00
1.281137000000000015e+01
